ENSP00000332613	ENSDARP00000103787	93.89	180	11	0	1	180	1	180	1e-125	355
ENSP00000000233	ENSDARP00000154794	93.89	180	11	0	1	180	1	180	1e-125	355
ENSP00000000233	ENSDARP00000155182	93.89	180	11	0	1	180	1	180	1e-125	355
ENSP00000000412	ENSDARP00000018076	48.68	265	125	7	14	277	11	265	1e-77	240
ENSP00000001008	ENSDARP00000124772	61.67	454	163	2	6	459	1	443	0.0	614
ENSP00000001008	ENSDARP00000154791	54.35	425	192	1	1	425	18	440	1e-175	505
ENSP00000001008	ENSDARP00000119718	54.26	94	43	0	41	134	11	104	5e-29	111
ENSP00000002125	ENSDARP00000067396	62.75	400	141	5	43	441	30	422	7e-175	500
ENSP00000002165	ENSDARP00000052103	53.90	462	200	5	5	466	2	450	0.0	518
ENSP00000002165	ENSDARP00000064699	63.82	456	158	2	11	466	4	452	0.0	625
ENSP00000417654	ENSDARP00000000004	63.82	456	158	2	11	466	4	452	0.0	625
