ENSDARP00000103787	ENSP00000332613	56.50	423	176	6	22	440	6	424	1e-162	469
ENSDARP00000000004	ENSP00000359172	24.81	395	216	11	24	399	29	361	1e-20	93.2
ENSDARP00000000004	ENSP00000416002	25.98	281	155	7	110	388	137	366	6e-11	63.9
ENSDARP00000000070	ENSP00000394163	62.00	50	18	1	1	50	1	49	2e-11	58.2
ENSDARP00000000160	ENSP00000280696	83.92	367	58	1	45	410	110	476	0.0	630
ENSDARP00000000160	ENSP00000377679	82.14	364	57	3	11	373	14	370	0.0	630
ENSDARP00000000160	ENSP00000332296	37.57	370	206	5	55	424	79	423	2e-78	253
ENSDARP00000000221	ENSP00000308452	59.23	363	132	2	103	465	84	430	1e-142	419
ENSDARP00000000221	ENSP00000301653	61.22	343	132	1	103	444	117	459	5e-138	409
ENSDARP00000000221	ENSP00000167586	57.14	364	149	1	103	466	115	471	3e-137	407
